13
1 	textures\\Sprite_Player.png 		255 	0 	255
2 	textures\\Sprite_Objects.png 		116 	116 	116
3 	textures\\Sprite_Enemies.png 		116 	116 	116
4 	textures\\Board.png 			255 	0 	255
5 	textures\\Sprite_Morningstar.png 	255 	0 	255
6 	textures\\Font.png 			255 	0 	255
7 	textures\\Sprite_Effect.png 		255 	0 	255
8 	textures\\Bbox.png 			255 	0 	255
9	textures\\Sprite_Boss.png		116	116	116
10	textures\\Menu.png			255	0	255
11	textures\\Menu_Bat.png			255	0	255
12	textures\\Scene_IntroBat.png		255	0	255
13	textures\\Scene_IntroStarship.png	255	0	255
46
1 	1	15
1 	1 
0 	0 	60 	66 	200
2 	4 
60 	0 	120 	66 	180
120 	0 	180 	66 	180
180 	0 	240 	66 	180
0 	0 	60 	66 	180
3 	1 
240 	0 	300 	45 	200
4 	3
300 	0 	360 	66 	100
360 	0 	420 	66 	100
420 	0 	480 	66 	210
5 	3 
420 	66 	480 	132 	100
0 	132 	60 	198 	100
60 	132 	120 	198 	210
6 	9 
0 	198 	60 	264 	70
60 	198 	120 	264 	70
120 	198 	180 	264 	70
0 	198 	60 	264 	70
60 	198 	120 	264 	70
120 	198 	180 	264 	70
0 	198 	60 	264 	70
60 	198 	120 	264 	70
120 	198 	180 	264	70
7	1
300 	66 	360 	132 	200
8 	1
180	66 	240	132	200
9	1
240 	66 	300	132	1500
10	1
120 	66 	180	132	1500
11	3
300	132	360	198	100
360 	132	420	198	100
420	132	480	198	210
12	3
120 	132 	180	198	100
180	132	240	198	100
240	132	300	198	210
13	1
0	66	66	132	1000
14	1
240	198	300	264	200
15	1
60	66	120	132	1000

3 	5	3
1 	3 
0 	0 	160 	68 	100
160 	0 	320 	68 	100
320 	0 	480 	68 	170
2 	3 
0 	68 	160 	136 	100
160 	68 	320 	136 	100
320 	68 	480 	136 	170
3 	3 
0 	136 	160 	204 	100
160 	136 	320 	204 	100
320 	136 	480 	204 	170

4 	2	1 
1 	1 
0 	34 	31 	65 	1000

5	2	2
1	1
68	34	99	65	1000
2	5
136	170	167	201	150
159	170	190	201	150
184	170	215	201	150
417	103	448	132	150
451	103	482	132	150

6 	2	1
1	1
204	34	235	65	1000

7	3	1
1	1
146	129	161	142	1000

8	2	2
1	1
0	170	31	201	1000
2	4
0	170	31	201	150
34	170	65	201	150
68	170	99	201	150
102	170	133	201	150

9	2	2
1	1
136 	34	167	65	150
2	3	
102	34	133	65	150
136 	34	167	65	150
170	34	201	65	150

10 	3	1
1 	2 
0 	34 	32 	98 	150
34 	34 	66 	98 	150

11	3	2
1	1	
552	128	583	159	1000
2	3
586	128	617	159	200
620	128	651	159	200
654	128	685	159	200

12	3	2
1	1
472	0	503	31	150
2	3
506	0	537	31	150	
540	0	571	31	150
575	0	606	31	150

13	3	1	
1	2
0	128	31	159	250
34	128	65	159	250

14	3	2	
1	2
864	34	895	97	250
830	34	861	97	250
2	1
796	34	827	97	250

15	3	2
1	1
696	128	727	191	250
2	2
696	128	727	191	200
730	128	761	191	200

16	9	2
1	1
2	22	33	53	250
2	2
36	22	131	67	250
36	70	131	115	250	

17	3	3
1	1	
432	128	463	159	150
2	2	
398	128 	429 	159	150
432	128	463	159	150
3	1
398	128 	429 	159	150

18 	2	1 
1 	1 
0 	0 	32 	32 	1000

19 	2	1
1 	2 
348 	0 	379 	64 	150
382 	0 	413 	64 	150

20	2	1
1	2
312	0	327	31	150
330	0	345	31	150

24 	2	1
1 	1 
0 	0 	32 	32 	1000

25 	2	1 
1 	1 
34 	0 	49 	16 	1000

26	2	1
1 	1 
56 	10 	80 	30 	1000

27	2	4
1	1
86	0	117	31	1000
2	1
120	0	151	31	1000
3	1
154	0	185	31	1000
4	3
86	0	117	31	1000
120	0	151	31	1000
154	0	185	31	1000

28	2	1
1	1
68	68	99	99	1000

29	2	1
1	2	
188	0	219	31	10
222	0	253	31	10	

30	2	1
1	1
238	34	269	65	250

31	2	1
1	1
271	34	302	65	250

32	2	1
1	1
0	68	31	99	1000

33	2	1
1	1
34	68	65	99	1000

35	2	4
1	1
86	0	117	31	1000
2	1
120	0	151	31	1000
3	1
154	0	185	31	1000
4	3
86	0	117	31	50	
120	0	151	31	50	
154	0	185	31	50

36 	7	1
1 	1 
130 	0 	152 	22 	50

37 	7	1
1 	5
0 	0 	42 	44 	100
42 	0 	84 	44 	100
84 	0 	126 	44 	100
126 	0 	168 	44 	100
0 	0 	42 	44 	30

38	7	1
1	1
168	25	186	43	100

39 	8	1
1 	1 
0 	0 	697 	765 	250

40 	4	1
1 	1 
0 	0 	520 	80 	1000

43 	7	1
1 	3 
168 	0 	179 	18 	1000
179 	0 	190 	18 	1000
190 	0 	201 	18 	1000

44 	6	1
1 	38 
0 	0 	15 	14 	1000
15 	0 	30 	14 	1000
30 	0 	45 	14 	1000
45 	0 	60 	14 	1000
60 	0 	75 	14 	1000
75 	0 	90 	14 	1000
90 	0 	105 	14 	1000
105 	0 	120 	14 	1000
120 	0 	135 	14 	1000
135 	0 	150 	14 	1000
150 	0 	165 	14 	1000
165 	0 	180 	14 	1000
180 	0 	195 	14 	1000
0 	14 	15 	28 	1000
15 	14	30 	28 	1000
30 	14 	45 	28 	1000
45 	14 	60 	28 	1000
60 	14 	75 	28 	1000
75 	14 	90 	28 	1000
90 	14 	105 	28 	1000
105 	14 	120 	28 	1000
120 	14 	135 	28 	1000
135 	14 	150 	28 	1000
150 	14 	165 	28 	1000
165 	14 	180 	28 	1000
180 	14 	195 	28 	1000
0 	28 	15 	42 	1000
15 	28 	30 	42 	1000
30 	28 	45 	42 	1000
45 	28 	60 	42 	1000
60 	28 	75 	42 	1000
75 	28 	90 	42 	1000
90 	28 	105 	42 	1000
105 	28 	120 	42 	1000
120 	28 	135 	42 	1000
135 	28 	150 	42 	1000
150 	28 	165 	42 	1000
180	28	195	42	1000	

46	3	1
1	3
764	128	779	159	100
782	128	813	159	100
816	128	847	159	100

47	2	1
1	1
126	136 	189	151	1000

48	2	2
1	32
136	68	167	69	50
170	68	201	70	50
204	68	235	71	50
238	68	269	72	50
136	68	167	73	50
170	68	201	74	50
204	68	235	75	50
238	68	269	76	50
136	68	167	77	50
170	68	201	78	50
204	68	235	79	50
238	68	269	80	50
136	68	167	81	50
170	68	201	82	50
204	68	235	83	50
238	68	269	84	50
136	68	167	85	50
170	68	201	86	50
204	68	235	87	50
238	68	269	88	50
136	68	167	89	50
170	68	201	90	50
204	68	235	91	50
238	68	269	92	50
136	68	167	93	50
170	68	201	94	50
204	68	235	95	50
238	68	269	96	50
136	68	167	97	50
170	68	201	98	50
204	68	235	99	50
238	68	269	99	50
2	4
136	68	167	99	100
170	68	201	99	100
204	68	235	99	100
238	68	269	99	100

49	2	2
1	32
272	68	303	69	50
306	68	337	70	50
340	68	371	71	50
374	68	405	72	50
272	68	303	73	50
306	68	337	74	50
340	68	371	75	50
374	68	405	76	50
272	68	303	77	50
306	68	337	78	50
340	68	371	79	50
374	68	405	80	50
272	68	303	81	50
306	68	337	82	50
340	68	371	83	50
374	68	405	84	50
272	68	303	85	50
306	68	337	86	50
340	68	371	87	50
374	68	405	88	50
272	68	303	89	50
306	68	337	90	50
340	68	371	91	50
374	68	405	92	50
272	68	303	93	50
306	68	337	94	50
340	68	371	95	50
374	68	405	96	50
272	68	303	97	50
306	68	337	98	50
340	68	371	99	50
374	68	405	99	50
2	4
272	68	303	99	100
306	68	337	99	100
340	68	371	99	100
374	68	405	99	100

50	2	3	
1	1
417	164	448	195	1000
2	1
382	134	413	165	1000	
3	1
449	164	480	195	1000

52	10	2
1	1
0	0	514	450	1000
2	1
515	0	1026	448	1000

53	12	1
1	2
0	0	15	15 	150
16	0	31	15	150

54	11	1
1	15
0	0	157	122	150
158	0	315	122	150
316	0	473	122	150
474	0	631	122	150
632	0	789	122	150
0	123	157	245	150
158	123	315	245	150
316	123	473	245	150
474	123	631	245	150
632	123	789	245	100
0	246	157	368	100
158	246	315	368	100
316	246	473	368	100
474	246	631	368	100	
632	246	789	368	100

55	13	1
1	1
0	0	63	27	1000

